id;mot;pol_pos;pol_neutre;pol_neg
153344;méchante;0;0.18;0.82
131593;méchant;0.03;0.01;0.96
142226;gentil;0.78;0.15;0.07
106413;recommander;0.77;0.15;0.08
15669;je;0.68;0.25;0.08
410455;vais;0;0.33;0.67
114738;belle;0.91;0.09;0
28743;manière;0.39;0.54;0.07
126532;très;0.57;0.37;0.06
59618;bain;0.35;0.65;0
247632;était;0.75;0.16;0.09
142663;sale;0.02;0.02;0.96
152733;salle de bain;0.69;0.31;0
84223;essai;0.23;0.74;0.03
10034472;la salle de bain;0.67;0.33;0
398592;cet;0.7;0.3;0
102000;hôtel;0.16;0.84;0
144236;est;0.68;0.25;0.08
147272;aime;0.77;0.23;0
20965;nourriture;0.7;0.27;0.03
5610;dégueulasse;0;0.06;0.94
114700;bien;0.95;0.03;0.01
136224;que;0.73;0.19;0.08
87252;il;0.42;0.52;0.06
146156;gardé;0.6;0.24;0.16
143767;a;0.79;0.21;0
134474;piscine;0.69;0.26;0.05
23665;manque;0.03;0.03;0.94
54228;mais;0.57;0.34;0.09
141683;petite;0.18;0.02;0.81
139209;salle;0.32;0.68;0
43134;noire;0.26;0.43;0.31
154404;de bain;0.77;0.23;0
152820;grise;0.45;0.47;0.07
19945;et;0.71;0.29;0
4147;vouloir;0.63;0.29;0.08
64238;noir;0.05;0.81;0.14
19150;chaud;0.26;0.66;0.07
166075;prendre un bain;0.74;0.17;0.09
136736;jolie;0.81;0.19;0
420700;Piscine;0.77;0.23;0
36989;nul;0.03;0.03;0.94
27672;pas;0.56;0.39;0.05
90075;chambre;0.16;0.84;0
155721;délicieuse;0.83;0.12;0.05
404063;Hôtel;0.78;0.22;0
6334;magnifique;0.87;0.09;0.04
16033;cuisine;0.36;0.6;0.03
17666;agréable;0.94;0.05;0.02
145410;ne;0.25;0.14;0.61
55222;petit;0.11;0.12;0.76
107174;extraordinairement;0.81;0.11;0.08
80450;guère;0.41;0.45;0.13
102094;moyennement;0.71;0.13;0.16
2553;personnel;0.42;0.52;0.06
26673;accueillant;0.84;0.12;0.04
30529;actif;0.62;0.32;0.06
115468;globalement;0.73;0.18;0.08
144229;bon;0.94;0.03;0.02
114890;qui;0.74;0.17;0.08
136307;moderne;0.66;0.29;0.05
151711;grande;0.35;0.65;0
71467;télévision;0.24;0.47;0.29
66141;assez;0.69;0.23;0.08
37671;se;0.19;0.71;0.1
48704;trouver;0.59;0.36;0.05
10561;douche;0.36;0.61;0.03
13369;être;0.38;0.55;0.07
147829;douches;0.73;0.27;0
78625;payer;0.32;0.41;0.28
428764;sentait;0.35;0.29;0.36
119625;mauvais;0.01;0.01;0.98
124758;serviable;0.86;0.08;0.06
159041;personnels;0.74;0.18;0.08
56865;sport;0.2;0.77;0.03
140569;agence;0.49;0.46;0.05
1154;bonne;0.93;0.06;0.01
48513;qualité;0.74;0.21;0.05
148027;équipements;0.72;0.22;0.06
118316;propre;0.87;0.09;0.05
103064;varié;0.56;0.13;0.31
417976;peux;0.66;0.33;0.01
25090;seul;0.09;0.14;0.77
83855;sujet;0.47;0.46;0.07
32132;mot;0.17;0.82;0.01
109733;propreté;0.85;0.1;0.05
25695;impeccable;0.73;0.18;0.09
6226;trop;0.27;0.04;0.69
68447;sympathique;0.64;0.33;0.03
111342;dire;0.33;0.64;0.03
18746;rien;0.02;0.18;0.8
13861;temps;0.05;0.93;0.02
54097;demander;0.37;0.57;0.06
136232;tout;0.08;0.64;0.27
145498;femmes;0.76;0.16;0.09
135707;must;0.74;0.16;0.09
15219;si;0.64;0.28;0.08
125901;réception;0.63;0.32;0.06
45244;vous;0.24;0.73;0.03
567183;cherchez;0.04;0.36;0.6
140433;morgan;0.25;0.75;0
408001;Puerto;0.53;0.47;0
25405;voyager;0.77;0.15;0.07
143049;Chambre;0.62;0.33;0.05
71578;lit;0.3;0.7;0
50406;confortable;0.8;0.16;0.05
154499;aie;0;0.1;0.9
74984;jamais;0.43;0.05;0.52
159983;chambres;0.8;0.2;0
403297;sont;0.71;0.18;0.11
101109;solarium;0.7;0.2;0.11
55413;propres;0.73;0.2;0.07
142661;zone;0.14;0.81;0.05
10003;autour;0.32;0.68;0
1759;plus;0.42;0.56;0.03
102816;vue;0.44;0.53;0.03
102816;vue;0.44;0.53;0.03
153463;avions;0.73;0.2;0.07
24637;nous;0.24;0.73;0.02
142449;sème;0.68;0.32;0
119921;luxueux;0.78;0.15;0.07
161630;13;0.73;0.18;0.09
80522;jacuzzi;0.8;0.2;0
19872;étage;0.17;0.82;0.01
130374;fraîche;0.68;0.24;0.07
133888;savoureux;0.85;0.11;0.04
143367;Merci;0.84;0.16;0
92089;fantastique;0.85;0.07;0.08
26597;séjour;0.34;0.64;0.02
112277;rendu;0.15;0.2;0.65
37688;merveilleux;0.83;0.1;0.07
41339;minimaliste;0.77;0.23;0
259700;rénové;0.29;0.29;0.43
134700;conçu;0.72;0.2;0.08
12803;caserne;0.4;0.4;0.2
160277;spacieuse;0.71;0.28;0
21592;relaxant;0.77;0.14;0.08
48539;près;0.65;0.28;0.08
42992;calme;0.9;0.06;0.04
140565;style;0.45;0.55;0
65002;ainsi;0.57;0.43;0
134700;conçu;0.72;0.2;0.08
409991;sert;0.72;0.16;0.12
79954;restaurant;0.65;0.3;0.05
394867;Bien;0.89;0.11;0
579;self-service;0.73;0.27;0
125533;terrasse;0.66;0.28;0.06
5695;exceptionnel;0.93;0.03;0.04
126737;chaleureux;0.78;0.13;0.09
143440;équipe;0.33;0.65;0.02
3973;assurer;0.78;0.14;0.08
37166;événement;0.13;0.84;0.03
126357;professionnel;0.52;0.42;0.07
112488;récemment;0.55;0.38;0.08
48582;génial;0.79;0.12;0.09
77638;vivement;0.63;0.26;0.11
87528;faire;0.02;0.96;0.01
140509;le;0.7;0.3;0
9538;possible;0.75;0.22;0.03
3010;4;0.76;0.24;0
401337;attentes;0.31;0.37;0.32
74978;étoiles;0.56;0.44;0
5178;tous;0.27;0.71;0.02
83853;super;0.64;0.29;0.07
6955;points;0.67;0.33;0
410697;Très;0.86;0.14;0
48723;livré;0.8;0.11;0.09
14211;eu;0.29;0.14;0.57
88133;incroyablement;0.78;0.14;0.08
50356;partout;0.24;0.61;0.14
401687;suis;0.7;0.21;0.1
134234;5;0.78;0.22;0
74978;étoiles;0.56;0.44;0
410697;Très;0.86;0.14;0
46996;impressionné;0.07;0.11;0.82
128170;dont;0.42;0.53;0.05
69550;travailler;0.18;0.66;0.15
24247;service;0.34;0.61;0.04
24247;service;0.34;0.61;0.04
27120;train;0.32;0.64;0.04
410697;Très;0.86;0.14;0
2529893;On;0.33;0.67;0
112765;y;0.61;0.28;0.11
95576;certainement;0.54;0.42;0.04
107275;Norvège;0.69;0.31;0
81363;façon;0.65;0.28;0.07
31641;avoir;0.03;0.95;0.03
103323;retourner;0.48;0.42;0.1
1575928;culinaires;0.68;0.32;0
425070;concerne;0.63;0.25;0.12
409721;Tout;0.71;0.25;0.04
134218;endroit;0.41;0.59;0
36717;meilleur;0.82;0.13;0.05
52260;parfait;0.81;0.13;0.06
259542;chauds;0.7;0.3;0.01
596382;Faites;0.49;0.31;0.2
74736;repas;0.64;0.36;0
26114;Sabrina;0.76;0.24;0
39650;sushi;0.83;0.17;0
45223;particulièrement;0.67;0.3;0.03
35415;animation;0.63;0.29;0.08
5549;alcools;0.76;0.24;0
173174;Il;0.76;0.24;0
140025;ou;0.7;0.21;0.09
3233;partie;0.14;0.85;0.02
259470;Smirnoff;0.74;0.16;0.1
13267;cocktails;0.47;0.4;0.13
59839;forfait;0.02;0.67;0.31
46612;compris;0.81;0.1;0.08
429949;Excellents;0.74;0.26;0
104957;fait;0.3;0.64;0.06
104957;fait;0.3;0.64;0.06
3233;partie;0.14;0.85;0.02
36372;point;0.19;0.73;0.08
59839;forfait;0.02;0.67;0.31
46612;compris;0.81;0.1;0.08
264439;serveurs;0.76;0.24;0
122393;plage;0.37;0.61;0.02
59473;extra;0.68;0.26;0.07
163561;commerces;0.81;0.1;0.09
67502;proche;0.69;0.24;0.07
45749;inconvénient;0;0.06;0.94
42890;chaude;0.51;0.44;0.06
153137;glacée;0.8;0.1;0.1
19654;bar;0.27;0.71;0.02
52534;débordement;0.32;0.07;0.61
95772;dédié;0.76;0.12;0.12
50144;payé;0.74;0.19;0.07
151922;ongles;0.42;0.54;0.04
139352;beauté;0.95;0.03;0.02
141387;espace;0.23;0.77;0
22879;rentrer;0.45;0.36;0.19
415472;parce;0.76;0.14;0.11
151922;ongles;0.42;0.54;0.04
46739;stand;0.55;0.31;0.14
36811;billard;0.34;0.66;0
37302;trouvé;0.31;0.45;0.23
59052;retour;0.61;0.32;0.07
263034;m';0.21;0.57;0.21
86589;eh;0.33;0.63;0.04
131040;prix;0.13;0.8;0.07
20938;surtout;0.38;0.59;0.03
417603;avais;0;0.76;0.24
82870;technicien;0.33;0.67;0
129882;pourquoi;0.41;0.57;0.02
81465;évité;0.39;0.17;0.44
151922;ongles;0.42;0.54;0.04
112165;désagréable;0.02;0;0.98
1;vraiment;0.68;0.26;0.06
116212;joli;0.83;0.11;0.06
153438;clés;0.66;0.26;0.07
10622;ils;0.45;0.45;0.1
28666;donné;0.81;0.1;0.09
160892;ont;0.76;0.13;0.12
160892;ont;0.76;0.13;0.12
59874;envoyé;0.64;0.29;0.07
105008;suite;0.58;0.37;0.04
102073;on;0.39;0.51;0.11
87409;choix;0.3;0.68;0.02
38519;préparé;0.73;0.17;0.1
18948;où;0.41;0.59;0
134293;copieux;0.72;0.17;0.11
43922;buffet;0.68;0.32;0
89714;désormais;0.65;0.35;0
21254;accueil;0.47;0.48;0.05
66765;comme;0.07;0.93;0
239924;exceptionnelle;0.78;0.16;0.06
144569;fermé;0.15;0.4;0.45
49803;froid;0.05;0.44;0.51
8465;semaine;0.19;0.78;0.03
18709;tranquille;0.87;0.08;0.05
8431;commencer;0.62;0.32;0.05
23128;cela;0.59;0.38;0.03
20082;client;0.23;0.74;0.03
14462;formidable;0.86;0.06;0.08
46717;parlant;0.72;0.22;0.06
4071;pu;0;0.95;0.05
155297;entré;0.7;0.2;0.1
143987;ménage;0.23;0.72;0.04
95494;reproche;0;0.02;0.98
53388;en;0.13;0.81;0.07
38021;fois;0.34;0.59;0.07
8465;semaine;0.19;0.78;0.03
152938;seule;0.45;0.03;0.52
34954;frapper;0.03;0;0.97
124807;dernière;0.52;0.34;0.14
52704;trois;0.14;0.85;0.01
38021;fois;0.34;0.59;0.07
70144;h;0.74;0.26;0
257617;05;0.71;0.29;0
118173;8;0.77;0.23;0
24442;envahissant;0;0.05;0.95
143613;porte;0.22;0.75;0.02
69132;inacceptable;0.04;0.06;0.9
8786;seulement;0.38;0.48;0.13
131142;concevoir;0.74;0.16;0.09
59241;revenir;0.46;0.48;0.06
413446;avons;0.61;0.2;0.19
409650;peuvent;0.38;0.34;0.28
72731;dur;0.02;0.07;0.91
401330;font;0.66;0.22;0.12
220309;travaille;0.69;0.12;0.19
110614;quelque;0.35;0.61;0.04
22824;aller;0.12;0.88;0
69379;rater;0;0.05;0.95
137327;Si;0.73;0.2;0.07
400302;laissez;0.72;0.17;0.11
146357;envie;0.54;0.23;0.23
164849;accidents;0.05;0.08;0.87
39409;peu;0.16;0.29;0.55
49679;part;0.42;0.58;0
1978790;pourrez;0.25;0.5;0.25
10593;séjourner;0.29;0.67;0.04
142563;monde;0.23;0.77;0
413445;Nous;0.78;0.22;0
131131;adoré;0.8;0.09;0.11
323983;cloisons;0.75;0.14;0.12
73457;artiste;0.58;0.39;0.03
70283;travail;0.09;0.71;0.2
159315;blancs;0.7;0.2;0.11
146065;mari;0.45;0.37;0.18
149240;murs;0.74;0.16;0.1
112698;choisir;0.27;0.7;0.03
127553;aussi;0.42;0.49;0.09
127071;quoi;0.39;0.56;0.05
91876;vins;0.77;0.23;0
407876;bières;0.7;0.25;0.05
219829;géniale;0.05;0.09;0.86
107233;supermarché;0.6;0.34;0.06
83082;soit;0.68;0.25;0.07
146025;air;0.17;0.81;0.02
33296;besoin;0.04;0.14;0.82
46091;critique;0.09;0.11;0.8
265665;correctes;0.75;0.13;0.13
1055;quartier;0.17;0.67;0.16
4078;mal;0.01;0.01;0.98
10233;charmant;0.9;0.05;0.05
34148;toit;0.25;0.75;0
23178;grand;0.21;0.77;0.03
163057;entretenue;0.37;0.63;0
3712;traverser;0.6;0.34;0.06
153716;faut;0.66;0.22;0.12
8662;s;0.83;0.17;0
153716;faut;0.66;0.22;0.12
2998;t;0.76;0.24;0
246759;déteste;0;0.12;0.88
74077;Encore;0.71;0.21;0.08
150006;qu;0.29;0.71;0
138276;n;0.62;0.31;0.08
153164;ouverte;0.74;0.19;0.07
147146;couloirs;0.25;0.25;0.5
47186;elle;0.64;0.27;0.08
20564;rue;0.14;0.84;0.02
65447;rendre;0.41;0.52;0.07
132443;devoir;0.41;0.47;0.11
563;grille;0.25;0.69;0.06
118539;poils;0.39;0.59;0.03
406598;Salle;0.69;0.31;0
84374;années;0.62;0.31;0.08
120728;planche;0.21;0.79;0
132716;baignoire;0.34;0.64;0.02
317767;isolées;0.59;0.37;0.04
426445;Aucune;0;0.15;0.85
129938;urine;0.08;0.16;0.76
136771;WC;0.69;0.21;0.1
62596;bruyant;-0.03;0.06;0.97
86711;jaune;0.19;0.76;0.05
85944;non;0.01;0.21;0.77
6657;bouchée;0.74;0.19;0.07
158577;plats;0.77;0.23;0
1773846;vante;0.6;0.2;0.2
27185;terroir;0.58;0.42;0
397617;Sans;0.32;0.36;0.32
4455;chien;0.13;0.5;0.37
133694;bancal;0.05;0.1;0.85
74614;intimité;0.68;0.24;0.08
19871;garantie;0.39;0.58;0.03
45179;maison;0.23;0.76;0.01
88543;jour;0.15;0.82;0.03
12137;terminer;0.56;0.23;0.21
92212;d;0.78;0.22;0
62636;sol;0.25;0.73;0.02
59705;10;0.77;0.23;0
3829;cm;0.72;0.28;0
120823;pourtant;0.43;0.5;0.07
148360;goûts;0.8;0.2;0.01
34933;moyen;0.23;0.28;0.48
47959;l;0.47;0.53;0
55700;parlé;0.7;0.23;0.07
143560;couché;0.74;0.1;0.16
26530;cloison;0.23;0.72;0.04
22700;prestation;0.72;0.19;0.09
60924;empester;0;0.08;0.92
95584;indigestion;0;0.05;0.95
104250;comptoir;0.61;0.29;0.09
156071;produits;0.68;0.25;0.07
1531;cuvette;0.31;0.66;0.03
64862;passage;0.46;0.49;0.05
94794;dun;0.2;0.4;0.4
69997;bref;0.07;0.75;0.18
72995;poussé;0.71;0.17;0.12
101712;insonorisation;0.14;0.38;0.48
61133;dune;0.69;0.31;0
27007;inconfortable;0;0.07;0.93
107491;rénovation;0.74;0.17;0.09
52286;remplacer;0.67;0.25;0.08
61092;literie;0.36;0.64;0
45963;coincé;0.19;0.12;0.68
155528;Hygiène;0.55;0.25;0.2
25072;microscopique;0.28;0.28;0.45
242634;douteuse;0.62;0.08;0.3
64681;niveau;0.54;0.46;0
90053;lavabo;0.56;0.36;0.07
91304;banal;0.41;0.25;0.34
101701;terrible;0.07;0.04;0.89
142107;Petit;0.51;0.49;0
78845;déjeuner;0.35;0.65;0
53310;jus;0.3;0.7;0
125053;entretien;0.56;0.38;0.06
125053;entretien;0.56;0.38;0.06
224493;22;0.53;0.24;0.23
41682;été;0.8;0.15;0.04
146105;mer;0.72;0.28;0
397241;desserts;0.88;0.12;0
35814;couscous;0.59;0.41;0
20588;bof;0;0.09;0.91
309729;aimables;0.5;0.33;0.17
105685;moyens;0.53;0.42;0.05
253811;bâclée;0;0.76;0.24
1690981;macaronade;0.56;0.41;0.02
48981;présentation;0.63;0.32;0.04
72156;décevant;0;0.07;0.93
38188;menu;0.59;0.33;0.08
59893;entrée;0.23;0.75;0.02
39192;nuit;0.33;0.53;0.14
43466;passé;0.19;0.6;0.21
70784;laquelle;0.68;0.24;0.08
